Running average data for fix 2
# TimeStep v_myenergy v_Temperature v_mypress v_mypxx v_mypyy v_mypzz
200   -1776.32291501893   302.8496274637267   6596.384656610507   8609.659417650699   5797.460257001843   5382.034295178979
400  -1776.172719140475   303.8385087210199    6541.98714934442   8285.369947023095   5592.821113647838   5747.770387362335
600  -1776.415161763166     299.15574936103   6290.606874826038    7894.97188240866   5126.590023948637   5850.258718120825
800  -1776.357096114789   301.1449976556343   6430.937290784814   7815.456251427978   5559.986869507142   5917.368751419328
1000  -1776.197668176352   303.7879187003012   6520.734776145873   7905.275240298525   5729.425489990399     5927.5035981487
1200  -1776.243601743729   302.9503296023399   6469.142802418885   7756.366392750592   5671.976912412022   5979.085102094046
1400  -1776.263401973396   302.2704512772233     6510.6227260004   7806.455998392777   5740.108917556272   5985.303262052155
1600  -1776.214185459264   303.1961198627841   6647.596954126162   7989.619406202241   5968.941081757183   5984.230374419068
1800  -1776.281622099125   302.0010697329289    6691.84062308448   7994.518822210988    6072.87771387304   6008.125333169415
2000  -1776.374541180548   300.0688857312765   6688.086359228898   8022.043822236362   5982.786987209305   6059.428268241032
2200  -1776.327275878587   300.6664044880895   6768.740319506785   8133.645979841519   6034.358562371883    6138.21641630696
2400  -1776.344185944755    300.321653041313   6812.123562784418   8156.684318925151   6092.034737107367   6187.651632320741
2600  -1776.408593545952   298.9972237644942   6806.803958327945   8121.454142544302   6063.048569228946   6235.909163210589
2800  -1776.382463297525   299.2394705375744   6858.822158451962   8186.538881448281   6086.587867449972   6303.339726457637
3000  -1776.377396046887     299.28850583993   6887.735579528375   8237.894823510498   6087.529188189296   6337.782726885332
3200  -1776.419752498948   298.4802815947239   6888.625404541135   8249.163130468503   6051.461987012312   6365.251096142593
3400  -1776.377051834978   299.0680801140672   6902.940100242901   8278.770597886261   6002.462233785788   6427.587469056659
3600  -1776.368181169716   299.2060691729768   6896.195416008126   8316.804026109192    5923.69599951502    6448.08622240017
3800   -1776.38454712271   298.9687690668657   6883.939909405999   8297.250945778815   5923.436951425902   6431.131831013285
4000  -1776.360259701843   299.4159988837936    6890.32250509508   8334.334200634341   5911.665927354607   6424.967387296296
4200  -1776.300505253714   300.4021265224642   6925.734747160236   8439.669472850554   5920.976031972289   6416.558736657869
4400  -1776.315021038589    300.194277472225   6937.093281930347   8511.699271513604   5914.823251121395   6384.757323156049
4600  -1776.310866777304    300.245572212112   6943.447205768047   8581.207077302493   5870.250712164752     6378.8838278369
4800  -1776.274301937442   300.7696758098905   6951.734898792593   8594.275324040722   5855.449326422488   6405.480045914577
5000  -1776.275045585184   300.8166928985024   6976.030391435125   8674.676235215737   5839.012124816183   6414.402814273461
5200  -1776.271830756649   300.7808557837603   6985.728804344637     8673.0016791544   5862.463020779807   6421.721713099708
5400  -1776.248546560153   301.0573121724879   6998.700521259796   8709.045339632625    5827.77649150553   6459.279732641238
5600  -1776.253256774901   300.9302610611035   7010.346332193122   8737.749533206017   5810.473459905086   6482.816003468268
5800  -1776.263845475911   300.6911407847325   7015.206220695497   8731.898516516982   5817.136881311792   6496.583264257719
6000  -1776.232333586473    301.185579449336   7036.670356408828   8766.955634978051   5808.978025111323   6534.077409137112
6200  -1776.236715332731   301.0532455795065   7033.320855804813   8744.391623914089    5793.01630830054   6562.554635199813
6400  -1776.233304307356   301.0493548129706   7027.986403897165   8755.839171127269   5749.413517434558   6578.706523129674
6600  -1776.201869522675   301.5319718533237   7038.845003102309   8764.434918288905   5754.845015599377   6597.255075418649
6800  -1776.208521470634   301.4590066477348   7038.440507081708   8772.214167826432   5738.185476970361   6604.921876448332
7000  -1776.203965537641   301.4538619916243   7028.910221314225   8811.866579610409   5668.565040249381   6606.299044082887
7200  -1776.173158457261   301.9724181376088   7043.561209354069   8830.779218105126   5692.034870843455   6607.869539113631
7400  -1776.176601500815   301.8887039809132   7040.354275218762   8857.770274095939   5660.422547845272   6602.870003715079
7600  -1776.178248091846   301.8841861956911   7047.994796458665   8889.316277493503   5650.926196664452   6603.741915218045
7800  -1776.152904488787   302.2410905014052   7054.937530416104    8904.84975801723   5653.654513855306   6606.308319375779
8000  -1776.161685154211   302.1139665552806   7060.884106902234   8920.025763203641    5659.63541575171   6602.991141751352
8200  -1776.165329697287   302.0097587734111   7056.670966093763   8927.123083960418      5637.742560544   6605.147253776872
8400  -1776.151755743078   302.2036934934486   7055.766239704307    8932.34626537823   5618.308449355599   6616.644004379089
8600  -1776.170808035391   301.8495989169981   7050.920477830179   8931.461654643615   5606.821248155139   6614.478530691782
8800  -1776.171654325371   301.8462508370451   7050.094426825722   8926.289493934923   5605.220626799893    6618.77315974235
9000  -1776.165703079968   301.9007823315347   7042.503268159822   8925.165077389631   5575.473147864138   6626.871579225699
9200  -1776.189928012393   301.5116592494938   7023.251283528284   8886.605693125823   5557.567730735503   6625.580426723528
9400  -1776.219430509696   301.0228951116835   6997.382413223393   8848.543616511673   5528.583432356579   6615.020190801928
9600  -1776.219110182648   301.0269127342846   6976.711895310683   8820.606189817383   5498.493455984335   6611.036040130331
9800  -1776.222046243842   300.9932570611398   6958.863854452223   8788.051963519642   5482.335114316937   6606.204485520092
10000  -1776.246616899662   300.6496115643217    6937.84539132778   8743.852846870259    5488.30995708027   6581.373370032813
10200  -1776.252619012815   300.5987984962505   6930.992728763677   8728.441994166025   5506.014511963795   6558.521680161217
10400  -1776.252984544918   300.6288827299297   6933.678960578623   8734.016894636101   5525.534230776903   6541.485756322869
10600  -1776.259007922557   300.5664885796601   6938.492260411097   8728.436387091153   5567.679458969777   6519.360935172364
10800  -1776.266766908533   300.4730202217949   6949.090056322682   8744.494019425962   5608.431445212123   6494.344704329964
11000   -1776.25209174159   300.7270174415647   6968.762762853784    8770.81799670584    5654.48926988863   6480.981021966883
11200  -1776.262080172932   300.5734894188841   6981.175336059467   8790.540564253262    5691.00685526326   6461.978588661882
11400  -1776.263395687085   300.5728644736248   6992.810090152452   8805.734422496376   5731.231879179109   6441.463968781874
11600  -1776.256401853385   300.7297725984067   7004.221267420597   8840.544150622165   5745.447756168752   6426.671895470879
11800  -1776.272639394594   300.4528286461829   7002.806619061806   8843.348843072941    5756.55865340841   6408.512360704071
12000  -1776.270417540412   300.5101597148256   7006.452800487553   8849.073396401243   5776.059687788197   6394.225317273222
12200  -1776.267981766299   300.5875106463012   7008.689812967378   8859.792025904875     5787.4385002198   6378.838912777464
12400  -1776.271153451883   300.5336359243993   7004.453447286621   8864.260369946478   5779.155524219888   6369.944447693501
12600  -1776.271973940005   300.5447929078085   6999.034436359666   8863.469331049986   5771.330278988337   6362.303699040682
12800  -1776.260304861132   300.7529814599461   6998.060821133406   8859.896482618369   5778.726034246835   6355.559946535019
13000  -1776.263409316856   300.7106824314428   6992.897405037559   8859.938292657107   5767.211758089355   6351.542164366219
13200  -1776.270261864948    300.599468805248   6980.684949613174   8833.781142911066   5762.696329349302   6345.577376579162
13400  -1776.261641117452   300.7529007167458   6981.456935127909   8831.479136600656   5774.413122333538   6338.478546449535
13600  -1776.261301393846   300.7747819017015   6982.556025775281   8828.520995610996   5793.445427310333   6325.701654404518
13800  -1776.270497312886   300.6412619588694   6977.261167645588   8815.626219604199   5800.572042984766   6315.585240347804
14000   -1776.26021635959   300.8220029490391   6977.106563527644    8802.63469958807   5818.554654378234   6310.130336616629
14200  -1776.259991813516   300.8611921668098    6980.04123517123   8816.598257650414   5826.635336878527   6296.890110984757
14400  -1776.263633976367   300.8155795654968   6981.537981965736   8811.903522658598   5846.362427687476   6286.347995551138
14600  -1776.261387549397   300.8663595473358   6988.805462104104   8830.316749275351   5859.786832671407    6276.31280436556
14800  -1776.262181578284   300.8795594581571   6993.790723856178   8838.869058636124    5879.32146983332   6263.181643099097
15000  -1776.272333071404   300.7326907015731   6994.026350434713   8845.816111021806   5888.162239298797   6248.100700983539
15200  -1776.263375229036   300.8667616923653   6994.027742080057   8838.719697091323   5898.213816534865   6245.149712613985
15400  -1776.261251909632   300.9183288457393     6998.3916565717   8826.406212401542    5928.79778668122    6239.97097063234
15600  -1776.263649957247   300.8955373826461   7002.152335197708   8828.257429133704    5941.96470283054   6236.234873628883
15800  -1776.257267303163   301.0002361087721   7004.347918615715   8814.674990540883   5957.549357479977   6240.819407826287
16000  -1776.249477504328   301.1222295080821   7007.579787058686   8805.658148383614   5967.241146934133   6249.840065858314
16200  -1776.254428919925   301.0207353796761   7006.926044508371   8783.028109576169   5983.018137697776    6254.73188625117
16400  -1776.246060601245   301.1571166982407   7017.072249423714   8785.135361951268   6000.580433056898   6265.500953262977
16600  -1776.240665546782   301.2179659297365   7024.038712119195   8763.326686943994   6029.608860482442   6279.180588931154
16800  -1776.245190466955   301.1427142270364   7027.291733598845   8742.898012957126   6053.197589604126   6285.779598235288
17000  -1776.237774689757   301.2532259134815   7036.613503022636    8735.24661295811   6081.277972055196   6293.315924054605
17200  -1776.243085762238   301.1483001243483   7034.511908929768   8711.590609275141   6089.757013149503   6302.188104364665
17400  -1776.248490916439   301.0566901550173   7030.601868158965   8684.244959868851   6095.891748174204   6311.668896433846
17600  -1776.246704946183   301.0847231027079   7031.527801909481   8662.648503990649   6112.656332445204   6319.278569292596
17800  -1776.246563650165   301.0863658480725   7030.119572676616   8648.794471186477   6115.654841534969   6325.909405308409
18000  -1776.247574169324   301.0510667610881   7026.245638654108   8622.627129790968   6120.963669502024   6335.146116669338
18200  -1776.249380291945   301.0231038525822   7023.241103819098   8608.888966126613   6120.387851581424   6340.446493749261
18400  -1776.250008805239   301.0264163075519   7023.411162249075   8594.739624316142   6134.011911662153   6341.481950768933
18600  -1776.245005789542   301.1094810674816   7022.054469318964   8579.343028702893   6140.734879529662    6346.08549972434
18800  -1776.250501299709   301.0138674440491   7013.781081975113   8552.390112107152    6141.47114006058   6347.481993757609
19000  -1776.253588514398   300.9811401541947   7012.945858323046   8544.801138837362   6150.275868353359    6343.76056777842
19200  -1776.236271036801    301.293751880654    7020.25685622019   8546.533816321722   6165.811501552457   6348.425250786396
19400   -1776.23174009149   301.3607438298079   7012.254868741513   8521.542732195714   6163.752257669971   6351.469616358857
19600  -1776.238915637304   301.2556322371975   7002.943332413995   8499.216674695224   6160.808463201665   6348.804859345096
19800  -1776.238362874692   301.2856015401481   6997.352065959436   8491.484890523383   6154.801761742875   6345.769545612053
20000  -1776.237977659159   301.2916846557305   6991.278229362606   8473.891373342294   6152.288640284532   6347.654674460995
