Running average data for fix 2
# TimeStep v_myenergy v_Temperature v_mypress v_mypxx v_mypyy v_mypzz
200  -1775.946226316738   309.2401441608613   6710.710150779782   8750.390943050939   5865.696075645513   5516.043433642893
400  -1775.946159425122   307.6916114156804   6601.798806182306   8344.634937818897   5620.058789797174   5840.702690930849
600   -1775.94607354576   306.9468412452907   6427.401792101773   8037.091618284077   5210.105079882935   6035.008678138311
800  -1775.946067995202   308.0443312151351   6564.662072603542   7958.420871023186   5673.856406484532   6061.708940302911
1000  -1775.946055372926     308.01808579241   6599.075620895247   7981.324864937051   5799.536322292586   6016.365675456107
1200  -1775.946050053536   307.9382200794358   6561.913142089898   7844.071817347932   5757.127611432432   6084.539997489331
1400  -1775.946049828402   307.5817187882944   6614.711677018951   7903.984246950436   5841.748699385312   6098.402084721104
1600  -1775.946057408705   307.6851676124168   6740.139058309982   8073.946988913806   6060.297086744997    6086.17309927114
1800  -1775.946060950792   307.6123402403093    6820.84316572965    8125.27377440622   6206.515235543975   6130.740487238751
2000  -1775.946063515134   307.1763992773115     6857.1895052524   8199.647978328499   6154.318890806395     6217.6016466223
2200   -1775.94607480461    307.006111209464   6924.715475402802   8290.404323347122   6201.674164346186   6282.067938515093
2400  -1775.946068855111   306.9389994844888    6981.40169765171   8335.003914538711   6273.040371007378   6336.160807409039
2600  -1775.946058958186   306.6365670505919   6997.605235643219   8317.600045236915   6263.892496420303   6411.323165272437
2800  -1775.946044145238   306.4828852673404   7043.742698750625   8373.629261258664   6286.624727578295   6470.974107414916
3000  -1775.946035348145   306.4581930322822   7071.363096681578   8410.573027593504   6300.680415181586   6502.835847269642
3200  -1775.946022560868   306.3070376824898   7082.835195463163   8436.548085334058   6269.385869068629     6542.5716319868
3400  -1775.946018880139   306.2257239834054   7081.927192420179   8441.442387475519   6222.389073172064   6581.950116612954
3600  -1775.946007620026   306.2629220884062   7069.756528426205    8482.59836916831   6133.476315754117   6593.194900356185
3800  -1775.945995200912   306.2894018141407   7055.986000299908   8466.543980828814   6126.845305384601   6574.568714686307
4000  -1775.945992014628   306.3278161915825   7052.089472453086   8501.222483582171   6096.612622776113   6558.433311000976
4200  -1775.945991935053   306.3425737661734   7065.443261112631   8567.986272001124   6096.261767359214   6532.081743977555
4400  -1775.945982023984   306.3662220052089   7081.466938709421   8646.200972008426   6094.178589958752   6504.021254161084
4600  -1775.945974955109   306.3392694390647   7082.318768305811   8700.519995357155   6046.967952461366   6499.468357098913
4800  -1775.945973075505   306.2975166742731   7082.256359039012   8703.714766962001   6039.551656304615   6503.502653850418
5000  -1775.945974541064   306.3751369194775   7105.822692788527    8782.53745612175   6036.643221398002    6498.28740084583
5200  -1775.945965764335   306.3037338223099   7106.310987862777   8771.263798499307   6061.898845938043   6485.770319150979
5400  -1775.945958427737   306.2710059750233   7105.027504982403   8790.301483184057   6037.869496160732    6486.91153560242
5600  -1775.945953084058   306.3176682358232   7113.644408835899   8819.588412258958   6049.509218587899   6471.835595660838
5800   -1775.94594818758   306.3288565832217    7115.64433964607   8821.402429915272   6075.775176349623   6449.755412673316
6000  -1775.945945726225   306.4000521015808   7122.577336180654   8853.556088493635   6076.914298543703   6437.261621504626
6200   -1775.94594550663   306.4017700577464   7123.314628523499   8863.724194353608   6081.356520855667   6424.863170361218
6400  -1775.945942116065   306.4268163014806   7120.526727502302   8892.031396231981    6062.88179008475   6406.666996190172
6600   -1775.94593312659   306.4365179988459   7111.786783601116   8897.086519976183   6050.219559751624   6388.054271075539
6800  -1775.945922639054   306.5276106643991   7104.994914545683   8914.777879812871   6020.717635666459   6379.489228157718
7000  -1775.945909293334   306.4775153710681   7085.080554369827    8949.39159263727   5950.453585184422   6355.396485287789
7200  -1775.945902014935   306.5595978386068   7077.254851115296   8946.145076300079   5952.206977321804   6333.412499724006
7400  -1775.945892480958   306.5803747745575   7071.045877846699   8988.813918609894   5907.692072639711   6316.631642290488
7600  -1775.945884455414   306.5870047591292   7073.290279436234   9024.852008244785   5890.220108641826   6304.798721422093
7800  -1775.945875559114   306.6093440095852    7075.45074440958   9050.237513274167   5882.453232362195   6293.661487592379
8000  -1775.945869417554   306.6219633858371   7081.331043140386   9072.286345614024   5875.967175250042   6295.739608557096
8200   -1775.94586457474    306.571077819482   7085.705824327438   9119.585104598513   5835.520342799746   6302.012025584057
8400  -1775.945861035325   306.5721120922086   7086.317644694497   9142.082733813537   5807.755683138091   6309.114517131869
8600  -1775.945855461705   306.5333328549279   7093.491318558298   9172.933593766327   5789.782873958408   6317.757487950162
8800  -1775.945853014003   306.5031932975999   7094.060890817209   9187.728446310481   5766.304164433258   6328.150061707894
9000  -1775.945852133537   306.4748974948531   7094.836488029448   9213.732288854584   5739.790868289879   6330.986306943888
9200  -1775.945852730367   306.4977697339062   7100.002512342122   9236.804200388073   5732.100536140788   6331.102800497508
9400   -1775.94585194762   306.4953000259529   7087.385420096518   9235.312184311073    5696.20463626023   6330.639439718256
9600  -1775.945850591155    306.492756077166   7070.071387308667   9230.588514833908   5647.811360624567   6331.814286467531
9800  -1775.945851395905   306.4721310386604    7060.13316496993   9224.424159933345   5630.691928634592   6325.283406341857
10000  -1775.945852940851    306.512135175698   7053.873274977207   9229.843609974299   5616.483989652671   6315.292225304657
10200  -1775.945856786511   306.5155004914064   7044.168878357849   9246.195534286591   5580.253664911681   6306.057435875283
10400  -1775.945860539116     306.52509302586   7042.737470621975   9258.127202139794    5575.97348377961   6294.111725946529
10600  -1775.945866768624   306.5509698289574   7041.573395818789   9277.618048770597   5572.831377903562   6274.270760782217
10800  -1775.945868124633   306.5634506711284   7037.546846259966   9285.281753258727   5567.601598398004   6259.757187123173
11000  -1775.945869071688   306.5832993678698   7032.293049681123   9305.206927007253    5543.75703841301   6247.915183623114
11200  -1775.945872355897   306.5812513722284    7024.41111992212   9305.817495181378   5532.921148991149   6234.494715593837
11400  -1775.945876326295    306.624892611025    7029.63235525342   9331.263527864459    5530.29307712221   6227.340460773593
11600  -1775.945878573637   306.5808166514021   7022.371617969277   9334.402904889392   5507.496817639016   6225.215131379428
11800  -1775.945881473107   306.5865966429616   7032.621827920816    9343.61173222483   5524.067907568782   6230.185843968839
12000  -1775.945887746483   306.5899890946617   7047.702825569765   9367.676002825612   5544.109309240795   6231.323164642889
12200  -1775.945894430975   306.5481674661282    7064.95570973571   9395.941014026041   5561.438509457961   6237.487605723131
12400  -1775.945903183176   306.5406224861151   7086.486804042357   9419.289355163197   5594.035242132493   6246.135814831381
12600  -1775.945915299452   306.5295053923019   7109.464012261996   9439.023842445569   5642.462683249615   6246.905511090803
12800  -1775.945925598089   306.5530364262681   7135.976303299522   9483.053166030772   5682.987399897094   6241.888343970702
13000  -1775.945931335948   306.5241118311363   7148.962314670566   9493.282181779972   5716.523831031514   6237.080931200212
13200  -1775.945935990665   306.5518032383558   7162.519171717408   9515.299835019663   5736.345255814374   6235.912424318187
13400  -1775.945941550551   306.5747236405525   7179.779095484777   9539.514824363872   5769.489370987194   6230.333091103263
13600   -1775.94594492207   306.5698517238624   7191.667278758851   9568.781382515672   5777.279697441124   6228.940756319756
13800  -1775.945950943756    306.551321582263   7205.739600211125   9594.864296053091   5791.595322881697   6230.759181698584
14000  -1775.945957363371   306.5605787447295    7222.78964454571   9611.327308662567   5825.703836850147   6231.337788124416
14200   -1775.94596538424   306.5610694091739   7236.283650602027    9630.64887325509   5841.642383582639    6236.55969496835
14400  -1775.945971702296   306.5359186139311   7246.292295386707    9635.45140995435    5860.38323091259   6243.042245293183
14600  -1775.945978897348    306.535387464729   7257.367743149242   9646.545543821567   5877.851588037354   6247.706097588805
14800  -1775.945984135319   306.5424810978798   7266.688066048134   9661.576318572717   5895.900387713055   6242.587491858631
15000  -1775.945989932942   306.5230015297512   7268.801178676522   9676.569745034098   5888.579152361047   6241.254638634424
15200  -1775.945996895314   306.5156541734224    7270.84683214664   9666.793804369323   5905.334534826728   6240.412157243873
15400  -1775.946004618914   306.5569252877836   7273.905982826635   9668.614480907518     5917.1153464987   6235.988121073691
15600  -1775.946010216682   306.5489044250871   7274.179023482486   9665.119650415218   5922.862686730355   6234.554733301886
15800  -1775.946017509579   306.5349476951624   7275.442095982921   9663.731018495388    5926.62684184265   6235.968427610726
16000  -1775.946025883062   306.5451630662235   7280.753652538524   9654.954240733652   5951.590598644013   6235.716118237908
16200  -1775.946034174812   306.5467263976227   7279.927762055468    9651.45907723554   5953.279868605287   6235.044340325576
16400  -1775.946042372208   306.5250819682698   7277.443665010015   9625.608956273129   5966.488674934721   6240.233363822197
16600  -1775.946050353068   306.5080597794745   7277.484218296439    9612.69805531698    5975.41403057672   6244.340568995614
16800  -1775.946056418064   306.5206744591157   7280.348812617452   9607.232331285681   5987.690548581274   6246.123557985396
17000  -1775.946063597759   306.5123996560329   7284.305742353485   9601.954764194075   5998.327616254743   6252.634846611629
17200  -1775.946070715963    306.481940580328   7290.075508980763   9600.086177426536   6013.137065175205   6257.003284340542
17400  -1775.946078971534    306.486201112602   7295.404089877541   9601.703698582338   6026.959505953027    6257.54906509725
17600  -1775.946083673472   306.4720070732578   7296.084990973482   9600.265226157564   6030.480943484084   6257.508803278793
17800   -1775.94608772725   306.4539544937207   7293.682235385065   9592.707103693334   6023.455720291505   6264.883882170351
18000  -1775.946091674084   306.4487668012939   7293.336626168401   9588.594374253507    6022.39947719256   6269.016027059131
18200  -1775.946095334017   306.4575092715585   7292.530553004529   9581.738768630799   6024.487023412656   6271.365866970126
18400  -1775.946098137965   306.4256810911673   7293.473324154244   9575.095519787705    6026.58665914073   6278.737793534292
18600  -1775.946104137654   306.3973501188354   7297.863678535196   9576.613216435913   6029.314112624673   6287.663706544996
18800  -1775.946110392878   306.4078056642487   7306.107830278792   9586.460697578364   6037.493913702642   6294.368879555364
19000  -1775.946114842761   306.3809410478988   7311.822971436593   9591.638153636583   6044.070372670223   6299.760388002967
19200  -1775.946119283914   306.3647487556497   7321.036071846517   9599.074380961225   6057.156400571429   6306.877434006891
19400  -1775.946122531539   306.3473568939821   7330.267755715636   9613.834143097945    6067.33944733178   6309.629676717177
19600   -1775.94612488949   306.3486481285022   7337.905908279567   9624.730381131885   6080.432550074181   6308.554793632626
19800  -1775.946128729013   306.3523836359138   7346.266706283601   9632.707597836774   6097.239385763055   6308.853135250966
20000  -1775.946132095883   306.3370271495339    7349.55725276239   9640.964433778579   6101.399280295063   6306.308044213521
