Running average data for fix 2
# TimeStep v_Length_x v_Length_y v_Length_z v_Temperature v_Pressure v_Energy v_sysDensity
2000   12.56757206136503   12.09196174458275   13.65904269129615   300.0263101799136  -130.4161027080309  -1776.230442214183   2.306212137575745
4000    12.5674341429015    12.0914209169372    13.6629119888456    302.045984116405   71.45003601911867  -1776.094255992663   2.305656935266761
6000   12.56745107952162   12.09133499447105   13.66030634352152   301.5215210691206  -11.15015312860921  -1776.139202702763   2.306114999793432
8000   12.56740158086898   12.09161082104661   13.65535175275766   300.2130735506851   35.76621321454117  -1776.229605762011   2.306892079664104
10000   12.56764070212492   12.09173541602359   13.65958138949677   299.2103044665317  -19.60411223196871  -1776.274475203073   2.306124414187923
12000   12.56767481107421   12.09199385139612   13.65460216891993   299.4290297279912  -1.580353007733422  -1776.273724528876   2.306900178088625
14000   12.56778616107513   12.09208205209735   13.65066171852681    299.009039091487   8.580383239613292  -1776.304101590836    2.30753364107331
16000   12.56799456624398   12.09223690819377   13.65056989653409   298.9602192615811    1.62350841069108  -1776.299461145212   2.307479178241463
18000   12.56814155735353   12.09248778795835   13.64712190267671   298.7210378743167   19.68190976382781  -1776.317622782171   2.307977611920735
20000   12.56825756722372   12.09280730177053   13.64419055796391   298.7968208804691  -4.978196843062835  -1776.313769774579   2.308382938999447
