Running average data for fix 2
# TimeStep v_myenergy v_Temperature v_mypress v_mypxx v_mypyy v_mypzz
2000  -43977.51585730573   294.4636880862638  -15170.13687767336  -23840.85995297702  -24037.06850557678   2367.517825533776
4000  -43977.35105269848   294.4012055104008  -15318.90787912706  -24086.35409392318  -24282.66944747657   2412.299904018613
6000  -43976.49402849992   295.0101160620115  -15407.05527580792  -24251.65862599257  -24420.25141803194    2450.74421660077
8000  -43976.56992549874   295.0244093904813  -15011.26864590487  -23702.60813657553  -23791.15077179039   2459.952970651322
10000  -43974.32703951709   296.6834791651344  -14994.13151917597  -23725.63483473038  -23707.53302037603   2450.773297578507
12000  -43973.12145907127   297.5401574770056  -14929.60423404426  -23675.49482947089  -23595.61795148558   2482.300078823715
14000  -43973.81734124171   297.0551839353507  -15016.44512980304  -23821.93418220123  -23740.89424035501    2513.49303314714
16000  -43974.19836262417   296.7825881125344  -14914.13771475507  -23668.78855397637  -23610.07131074139   2536.446720452562
18000  -43974.17978668641   296.8037485034627  -14907.87060663985  -23660.69743238184  -23610.03013319789   2547.115745660199
20000   -43973.7667262289   297.1003542319312  -14885.49625652381  -23647.78828253816  -23576.52516363473   2567.824676601504
